0.000042302559280573435 5.732268218131178e-16
0.00005937681266576748 2.0902928646440273e-16
0.00008709697264433452 6.672755214642396e-17
0.00012913669052082625 2.1064030011412074e-17
0.00018998984584569386 7.30230971500603e-18
0.0003049715559691924 2.47736935311141e-18
0.0004368064471218537 1.2067218673368155e-18
0.0006956351498276245 5.413954994719901e-19
0.001011857589942452 2.8568670039797137e-19
0.0014149645146121536 1.2731852182927833e-19
0.0020211492305843085 4.4554317931000676e-20
0.0026805780338247675 2.0661368288037966e-20
0.0035172085049300097 1.462938731750168e-20
0.005105815349043714 1.1487427545617287e-20
0.007676456965170807 1.1394681308506041e-20
0.01282091947275915 1.2391892011974227e-20
0.020339510305950676 1.3355534609429597e-20
0.032106751608849286 1.8763032575103528e-20
0.04554208088332404 3.1803686271585604e-20
0.055162160281641386 4.677495860369851e-20
0.07108803263543875 3.994344289781417e-20
0.10066612158941952 4.444552399229114e-20
0.16355398547107788 6.99002617275664e-20
0.22034009179534142 9.891222729560597e-20
0.40293038580011875 1.763997744451838e-19
0.5838755292722255 2.7550604844433853e-19
0.8338327647338507 3.8309129840223923e-19